2.50018 9.5001 0.740137
-1.01313 11.4123 0.751256
-1.01313 11.4123 0.751256
-4.78369 12.716 1.03983
-4.78369 12.716 1.03983
-8.35512 11.3849 2.25357
-8.35512 11.3849 2.25357
-4.35598 11.3331 2.18866
-4.35598 11.3331 2.18866
-5.35225 7.56896 1.27304
-5.35225 7.56896 1.27304
-4.88565 3.61606 0.876977
-4.88565 3.61606 0.876977
-4.1296 -0.241003 1.61958
-4.1296 -0.241003 1.61958
-5.59397 -3.95805 1.42172
-5.59397 -3.95805 1.42172
-7.91776 -7.20989 1.26175
-7.91776 -7.20989 1.26175
-8.11661 -11.1792 1.71463
-8.11661 -11.1792 1.71463
-4.14193 -11.4015 1.32409
-4.14193 -11.4015 1.32409
-2.02349 -8.00989 1.41926
-2.02349 -8.00989 1.41926
1.96427 -8.09468 1.11824
1.96427 -8.09468 1.11824
-1.98579 -7.4655 1.08414
-1.98579 -7.4655 1.08414
-5.84909 -6.50192 0.701434
-5.84909 -6.50192 0.701434
-4.89085 -2.61849 0.727858
-4.89085 -2.61849 0.727858
-1.96936 0.110893 0.851841
-1.96936 0.110893 0.851841
0.33528 3.35689 1.24192
0.33528 3.35689 1.24192
0.11012 -0.636674 1.21429
0.11012 -0.636674 1.21429
2.72867 -3.64218 1.54615
2.72867 -3.64218 1.54615
0.721289 -0.182369 1.55806
0.721289 -0.182369 1.55806
-2.90917 1.4222 2.0532
-2.90917 1.4222 2.0532
-6.20672 3.56806 1.33112
-6.20672 3.56806 1.33112
-6.81601 7.52071 1.40411
-6.81601 7.52071 1.40411
-4.94912 11.0497 1.15737
-4.94912 11.0497 1.15737
-1.65819 8.90483 1.91187
-1.65819 8.90483 1.91187
-5.49129 8.1521 1.05121
-5.49129 8.1521 1.05121
-1.56513 8.8964 1.22799
-1.56513 8.8964 1.22799
-1.15617 12.8585 0.861799
-1.15617 12.8585 0.861799
-4.62225 10.866 0.989012
