2.50017 9.50009 0.740122
5.0372 12.5883 0.903366
5.0372 12.5883 0.903366
1.89799 10.1096 0.865698
1.89799 10.1096 0.865698
-1.89837 9.42253 1.92194
-1.89837 9.42253 1.92194
-5.09931 7.02785 2.06156
-5.09931 7.02785 2.06156
-6.6501 3.49163 1.01744
-6.6501 3.49163 1.01744
-3.40257 1.16836 0.780862
-3.40257 1.16836 0.780862
0.167977 2.66416 1.78773
0.167977 2.66416 1.78773
3.15582 0.0212685 2.08424
3.15582 0.0212685 2.08424
-0.550692 1.52322 2.00743
-0.550692 1.52322 2.00743
-3.15748 -1.47009 1.51274
-3.15748 -1.47009 1.51274
-6.13755 1.13804 2.07565
-6.13755 1.13804 2.07565
-6.79218 -2.76407 1.48833
-6.79218 -2.76407 1.48833
-7.7057 -6.6223 2.01708
-7.7057 -6.6223 2.01708
-4.13314 -8.12663 1.03028
-4.13314 -8.12663 1.03028
-1.40532 -11.0217 1.45171
-1.40532 -11.0217 1.45171
-1.2555 -7.02729 1.60085
-1.2555 -7.02729 1.60085
2.63441 -6.32981 2.21897
2.63441 -6.32981 2.21897
-1.34952 -6.6848 2.26628
-1.34952 -6.6848 2.26628
2.51907 -7.47991 1.6324
2.51907 -7.47991 1.6324
5.77305 -9.80308 1.75287
5.77305 -9.80308 1.75287
1.80218 -9.3248 1.69407
1.80218 -9.3248 1.69407
-2.11844 -8.66527 1.25384
-2.11844 -8.66527 1.25384
-5.34613 -6.30681 1.39394
-5.34613 -6.30681 1.39394
-5.024 -2.32061 1.47431
-5.024 -2.32061 1.47431
-6.52649 1.35775 1.93492
-6.52649 1.35775 1.93492
-7.32824 5.26996 1.70722
