2.5002 9.50012 0.74016
-1.15879 11.0427 1.22193
-1.15879 11.0427 1.22193
-4.92934 12.3464 1.5105
-4.92934 12.3464 1.5105
-7.71492 9.54075 0.903292
-7.71492 9.54075 0.903292
-8.67476 5.75681 1.77536
-8.67476 5.75681 1.77536
-4.75464 6.27141 1.16884
-4.75464 6.27141 1.16884
-7.8862 4.08217 2.35229
-7.8862 4.08217 2.35229
-5.97726 0.569703 2.21613
-5.97726 0.569703 2.21613
-3.48569 3.68987 2.45425
-3.48569 3.68987 2.45425
-6.7687 1.55481 1.63976
-6.7687 1.55481 1.63976
-5.65648 -2.28509 1.50499
-5.65648 -2.28509 1.50499
-7.56109 -5.7875 1.18002
-7.56109 -5.7875 1.18002
-6.88733 -9.72227 0.927783
-6.88733 -9.72227 0.927783
-7.27365 -5.76098 1.32646
-7.27365 -5.76098 1.32646
-4.42727 -8.56255 1.10445
-4.42727 -8.56255 1.10445
-0.982985 -10.5619 1.4782
-0.982985 -10.5619 1.4782
-2.39502 -6.82154 1.6053
-2.39502 -6.82154 1.6053
1.28231 -8.36602 1.90839
1.28231 -8.36602 1.90839
5.17287 -7.76231 1.20194
5.17287 -7.76231 1.20194
1.31338 -8.31609 2.09508
1.31338 -8.31609 2.09508
-2.66011 -8.15369 1.665
-2.66011 -8.15369 1.665
-6.0572 -10.1666 1.02613
-6.0572 -10.1666 1.02613
-6.07122 -6.1938 1.49188
-6.07122 -6.1938 1.49188
-5.94604 -2.20287 1.25357
-5.94604 -2.20287 1.25357
-3.73392 1.08076 1.82308
-3.73392 1.08076 1.82308
-0.928438 -1.75279 1.5064
-0.928438 -1.75279 1.5064
0.0961273 2.09549 1.88198
