2.50018 9.5001 0.740121
-1.15881 11.0427 1.22189
-1.15881 11.0427 1.22189
-5.15431 10.8686 1.29709
-5.15431 10.8686 1.29709
-5.7564 6.9308 0.93526
-5.7564 6.9308 0.93526
-4.12804 3.27742 0.97066
-4.12804 3.27742 0.97066
-1.93275 -0.0173824 1.54076
-1.93275 -0.0173824 1.54076
1.9461 0.87197 1.94524
1.9461 0.87197 1.94524
-0.844333 -1.96865 1.56531
-0.844333 -1.96865 1.56531
-4.38801 -3.72745 0.97453
-4.38801 -3.72745 0.97453
-7.51902 -6.21216 0.823048
-7.51902 -6.21216 0.823048
-8.20825 -10.1513 0.914072
-8.20825 -10.1513 0.914072
-6.54514 -13.4301 2.49005
-6.54514 -13.4301 2.49005
-5.31578 -9.62844 2.29935
-5.31578 -9.62844 2.29935
-2.54877 -6.82436 1.60594
-2.54877 -6.82436 1.60594
1.41697 -6.7243 2.11863
1.41697 -6.7243 2.11863
0.285385 -10.4591 1.24087
0.285385 -10.4591 1.24087
-1.2941 -6.78512 1.32329
-1.2941 -6.78512 1.32329
1.37351 -9.72922 0.858361
1.37351 -9.72922 0.858361
-1.20962 -12.7222 1.46603
-1.20962 -12.7222 1.46603
-1.38972 -8.7369 1.17513
-1.38972 -8.7369 1.17513
-5.26746 -8.34558 2.07512
-5.26746 -8.34558 2.07512
-8.39722 -6.24184 0.741361
-8.39722 -6.24184 0.741361
-6.50495 -2.8023 1.50874
-6.50495 -2.8023 1.50874
-4.62098 0.725471 1.58295
-4.62098 0.725471 1.58295
-4.56915 4.68265 1.00151
-4.56915 4.68265 1.00151
-5.74657 8.36095 2.04257
-5.74657 8.36095 2.04257
-4.64833 12.1769 1.56025
