2.50017 9.50009 0.740126
-1.01314 11.4123 0.751246
-1.01314 11.4123 0.751246
-4.7837 12.716 1.03982
-4.7837 12.716 1.03982
-6.1636 8.96407 1.1775
-6.1636 8.96407 1.1775
-8.75732 5.91937 1.12775
-8.75732 5.91937 1.12775
-9.05248 1.93167 1.02221
-9.05248 1.93167 1.02221
-6.05537 -0.683327 1.44544
-6.05537 -0.683327 1.44544
-3.60691 2.47974 1.43817
-3.60691 2.47974 1.43817
-6.71534 -0.032872 1.5946
-6.71534 -0.032872 1.5946
-2.89035 -1.00005 2.25344
-2.89035 -1.00005 2.25344
-6.12242 -3.28326 1.66975
-6.12242 -3.28326 1.66975
-5.87356 -7.27068 1.86606
-5.87356 -7.27068 1.86606
-3.52317 -10.5064 1.79207
-3.52317 -10.5064 1.79207
0.413175 -9.99622 1.29727
0.413175 -9.99622 1.29727
-3.5467 -9.81505 1.83258
-3.5467 -9.81505 1.83258
-4.42516 -5.93423 2.24191
-4.42516 -5.93423 2.24191
-5.09208 -2.01544 1.79664
-5.09208 -2.01544 1.79664
-1.35652 -0.611617 1.52304
-1.35652 -0.611617 1.52304
2.41286 -1.81981 0.946807
2.41286 -1.81981 0.946807
-1.48204 -0.914611 1.04871
-1.48204 -0.914611 1.04871
0.0940121 2.76095 1.12824
0.0940121 2.76095 1.12824
0.509683 -1.11583 2.02146
0.509683 -1.11583 2.02146
-3.24504 -2.48182 2.21146
-3.24504 -2.48182 2.21146
-6.20036 -0.0738603 0.999927
-6.20036 -0.0738603 0.999927
-8.5581 3.13634 0.631592
-8.5581 3.13634 0.631592
-6.97371 6.72935 1.39315
