2.50016 9.50008 0.740114
-1.29391 10.6733 1.21813
-1.29391 10.6733 1.21813
-4.16054 7.88419 1.16163
-4.16054 7.88419 1.16163
-6.37549 4.60378 1.73855
-6.37549 4.60378 1.73855
-4.00995 1.3804 1.8572
-4.00995 1.3804 1.8572
-3.03016 -2.49663 1.7644
-3.03016 -2.49663 1.7644
-6.88153 -2.83413 0.73821
-6.88153 -2.83413 0.73821
-6.95023 -6.80998 1.17163
-6.95023 -6.80998 1.17163
-8.10137 -10.5463 2.01719
-8.10137 -10.5463 2.01719
-4.54122 -12.3576 2.22805
-4.54122 -12.3576 2.22805
-4.56831 -8.38135 1.79364
-4.56831 -8.38135 1.79364
-1.24023 -6.17528 1.55451
-1.24023 -6.17528 1.55451
-3.64712 -9.34905 1.92067
-3.64712 -9.34905 1.92067
0.271336 -8.77601 1.35732
0.271336 -8.77601 1.35732
4.10303 -9.76346 1.94303
4.10303 -9.76346 1.94303
0.343906 -11.1102 2.17828
0.343906 -11.1102 2.17828
0.0924411 -7.1642 1.57322
0.0924411 -7.1642 1.57322
-3.17431 -9.46495 1.75993
-3.17431 -9.46495 1.75993
-4.89548 -5.8704 1.41824
-4.89548 -5.8704 1.41824
-6.76336 -2.37629 0.86845
-6.76336 -2.37629 0.86845
-3.05003 -1.31046 1.90538
-3.05003 -1.31046 1.90538
-0.65862 1.85979 1.42506
-0.65862 1.85979 1.42506
0.287092 -2.02344 1.58687
0.287092 -2.02344 1.58687
0.440274 1.97157 1.4588
0.440274 1.97157 1.4588
-3.54906 1.68589 1.51881
-3.54906 1.68589 1.51881
-6.1627 -1.34212 1.52321
