2.50017 9.5001 0.740128
-1.15882 11.0427 1.22189
-1.15882 11.0427 1.22189
-5.15432 10.8686 1.29709
-5.15432 10.8686 1.29709
-7.93989 8.06294 0.689887
-7.93989 8.06294 0.689887
-4.00998 8.80088 0.795815
-4.00998 8.80088 0.795815
-6.09443 5.39936 1.0869
-6.09443 5.39936 1.0869
-8.07335 2.05612 2.03907
-8.07335 2.05612 2.03907
-4.26015 2.1332 0.83342
-4.26015 2.1332 0.83342
-3.48733 -1.78576 0.622436
-3.48733 -1.78576 0.622436
-2.03738 1.9413 0.704158
-2.03738 1.9413 0.704158
1.41268 -0.0809501 0.617097
1.41268 -0.0809501 0.617097
5.09748 -0.914911 1.93117
5.09748 -0.914911 1.93117
1.28778 -2.13067 1.84078
1.28778 -2.13067 1.84078
-2.69874 -1.83551 1.98386
-2.69874 -1.83551 1.98386
-5.83177 -4.19265 1.19134
-5.83177 -4.19265 1.19134
-4.97235 -8.03823 1.87903
-4.97235 -8.03823 1.87903
-5.94725 -11.9138 1.70715
-5.94725 -11.9138 1.70715
-1.96476 -12.0377 1.35443
-1.96476 -12.0377 1.35443
-1.11285 -8.13948 1.63352
-1.11285 -8.13948 1.63352
2.86504 -8.50111 1.84693
2.86504 -8.50111 1.84693
-0.283508 -10.9115 1.32086
-0.283508 -10.9115 1.32086
-4.27583 -11.1555 1.36327
-4.27583 -11.1555 1.36327
-2.27208 -7.69426 1.29281
-2.27208 -7.69426 1.29281
-6.09657 -6.53933 1.49129
-6.09657 -6.53933 1.49129
-6.10947 -2.57835 2.04849
-6.10947 -2.57835 2.04849
-2.16323 -1.93252 2.14932
-2.16323 -1.93252 2.14932
-6.11785 -2.33319 2.59709
-6.11785 -2.33319 2.59709
-3.01529 0.161114 2.2065
-3.01529 0.161114 2.2065
-6.36865 2.28446 1.71017
