2.50016 9.50008 0.740101
-1.01316 11.4123 0.751221
-1.01316 11.4123 0.751221
-4.78371 12.716 1.03979
-4.78371 12.716 1.03979
-8.35514 11.3849 2.25354
-8.35514 11.3849 2.25354
-7.36025 7.68622 1.10035
-7.36025 7.68622 1.10035
-4.54272 10.5179 1.30872
-4.54272 10.5179 1.30872
-6.76808 7.22311 0.870067
-6.76808 7.22311 0.870067
-8.21421 3.70283 2.10149
-8.21421 3.70283 2.10149
-5.49618 0.786062 2.4252
-5.49618 0.786062 2.4252
-2.64391 -1.87876 1.55155
-2.64391 -1.87876 1.55155
-6.52215 -0.937694 1.82293
-6.52215 -0.937694 1.82293
-6.92742 -4.91556 1.7118
-6.92742 -4.91556 1.7118
-6.39061 -8.87898 1.76759
-6.39061 -8.87898 1.76759
-4.5714 -12.3355 0.905764
-4.5714 -12.3355 0.905764
-5.25687 -8.396 1.00701
-5.25687 -8.396 1.00701
-6.90217 -4.75802 1.24801
-6.90217 -4.75802 1.24801
-3.72757 -7.14412 1.72591
-3.72757 -7.14412 1.72591
0.257404 -7.24372 2.05773
0.257404 -7.24372 2.05773
3.26306 -9.83206 1.54147
3.26306 -9.83206 1.54147
0.953875 -6.58872 1.92672
0.953875 -6.58872 1.92672
-0.580127 -10.2829 1.91088
-0.580127 -10.2829 1.91088
-2.47638 -6.76261 1.80084
-2.47638 -6.76261 1.80084
1.43573 -7.56772 2.01808
1.43573 -7.56772 2.01808
-2.37456 -6.42223 1.60631
-2.37456 -6.42223 1.60631
-6.22153 -5.72132 2.44862
-6.22153 -5.72132 2.44862
-4.74487 -2.00618 2.31734
-4.74487 -2.00618 2.31734
-1.30977 0.0334087 2.11706
-1.30977 0.0334087 2.11706
1.7725 2.52935 2.63659
1.7725 2.52935 2.63659
2.4441 -1.40384 2.35548
