2.50017 9.50009 0.740126
5.0372 12.5883 0.90337
5.0372 12.5883 0.90337
1.89798 10.1096 0.865702
1.89798 10.1096 0.865702
-1.89837 9.42253 1.92194
-1.89837 9.42253 1.92194
-5.09931 7.02785 2.06157
-5.09931 7.02785 2.06157
-6.6501 3.49163 1.01745
-6.6501 3.49163 1.01745
-2.846 2.28124 0.76489
-2.846 2.28124 0.76489
1.06453 2.13385 1.59317
1.06453 2.13385 1.59317
-2.88116 1.6776 1.12057
-2.88116 1.6776 1.12057
-6.64516 1.75914 2.47173
-6.64516 1.75914 2.47173
-2.69617 1.26065 2.07548
-2.69617 1.26065 2.07548
0.18166 -1.48188 1.63213
0.18166 -1.48188 1.63213
-2.69599 1.27976 1.93622
-2.69599 1.27976 1.93622
-6.48427 0.010263 1.74323
-6.48427 0.010263 1.74323
-7.20942 -3.91675 1.97282
-7.20942 -3.91675 1.97282
-5.0262 -7.0828 0.872975
-5.0262 -7.0828 0.872975
-1.08792 -6.40166 1.03432
-1.08792 -6.40166 1.03432
2.62919 -7.87769 1.10063
2.62919 -7.87769 1.10063
0.380068 -11.1827 0.965767
0.380068 -11.1827 0.965767
-3.49316 -12.179 1.04002
-3.49316 -12.179 1.04002
0.466582 -12.7413 0.975033
0.466582 -12.7413 0.975033
4.44819 -12.3593 1.00492
4.44819 -12.3593 1.00492
4.18251 -8.38277 1.34626
4.18251 -8.38277 1.34626
6.46023 -11.6663 1.52007
6.46023 -11.6663 1.52007
2.91169 -9.82448 1.39548
2.91169 -9.82448 1.39548
-0.502301 -7.74151 1.31878
-0.502301 -7.74151 1.31878
2.74668 -9.92548 2.14003
