2.50018 9.5001 0.740128
-1.01314 11.4123 0.751248
-1.01314 11.4123 0.751248
-4.78369 12.716 1.03982
-4.78369 12.716 1.03982
-8.35512 11.3849 2.25357
-8.35512 11.3849 2.25357
-4.42445 10.8169 1.77702
-4.42445 10.8169 1.77702
-7.84852 12.7112 2.60595
-7.84852 12.7112 2.60595
-7.74721 8.71284 2.65824
-7.74721 8.71284 2.65824
-6.50225 5.07553 1.55366
-6.50225 5.07553 1.55366
-5.27586 1.30293 1.04041
-5.27586 1.30293 1.04041
-5.44642 -2.6927 1.11672
-5.44642 -2.6927 1.11672
-4.5864 -6.59698 1.24705
-4.5864 -6.59698 1.24705
-3.46543 -10.4289 1.00231
-3.46543 -10.4289 1.00231
0.061128 -12.3026 0.772914
0.061128 -12.3026 0.772914
-2.43774 -9.18085 0.671142
-2.43774 -9.18085 0.671142
1.2597 -10.5012 1.43631
1.2597 -10.5012 1.43631
-2.69568 -9.90767 1.48761
-2.69568 -9.90767 1.48761
-6.56231 -9.02188 2.00195
-6.56231 -9.02188 2.00195
-6.28388 -5.03318 1.88895
-6.28388 -5.03318 1.88895
-5.0938 -1.21432 1.88867
-5.0938 -1.21432 1.88867
-5.00026 2.77844 2.11023
-5.00026 2.77844 2.11023
-2.74967 -0.5168 1.83415
-2.74967 -0.5168 1.83415
0.25932 -3.14373 1.62146
0.25932 -3.14373 1.62146
1.40678 0.685238 1.77103
1.40678 0.685238 1.77103
1.28282 -3.30831 1.58074
1.28282 -3.30831 1.58074
0.013977 0.485111 1.58276
0.013977 0.485111 1.58276
-2.5945 -2.54618 1.66738
