2.50019 9.50011 0.740135
5.03722 12.5883 0.903379
5.03722 12.5883 0.903379
1.898 10.1096 0.865711
1.898 10.1096 0.865711
-1.87224 8.78219 1.01838
-1.87224 8.78219 1.01838
-5.02916 11.1305 1.7389
-5.02916 11.1305 1.7389
-5.95145 7.27481 2.27071
-5.95145 7.27481 2.27071
-6.83648 3.70734 0.692779
-6.83648 3.70734 0.692779
-8.19674 0.290024 2.26492
-8.19674 0.290024 2.26492
-4.38616 -0.716002 1.58129
-4.38616 -0.716002 1.58129
-8.24161 -1.77123 1.43313
-8.24161 -1.77123 1.43313
-8.7089 -5.74302 1.35251
-8.7089 -5.74302 1.35251
-6.96895 -9.34476 1.35748
-6.96895 -9.34476 1.35748
-4.75056 -12.6002 0.664013
-4.75056 -12.6002 0.664013
-2.97184 -9.03374 1.00534
-2.97184 -9.03374 1.00534
0.679762 -10.4898 1.74407
0.679762 -10.4898 1.74407
-0.950551 -6.83771 1.67705
-0.950551 -6.83771 1.67705
-4.9183 -6.66161 2.15244
-4.9183 -6.66161 2.15244
-5.77268 -2.75403 2.12401
-5.77268 -2.75403 2.12401
-4.19364 0.915917 1.92864
-4.19364 0.915917 1.92864
-3.85959 -3.0464 1.49449
-3.85959 -3.0464 1.49449
-3.36745 0.902343 1.90101
-3.36745 0.902343 1.90101
0.343866 -0.570674 1.66368
0.343866 -0.570674 1.66368
4.11311 0.714916 1.28941
4.11311 0.714916 1.28941
0.544816 2.50873 1.06686
0.544816 2.50873 1.06686
-3.27968 3.66366 1.26535
-3.27968 3.66366 1.26535
-5.13962 0.122388 1.26512
-5.13962 0.122388 1.26512
-7.71247 3.1106 0.593548
-7.71247 3.1106 0.593548
-8.13298 7.08775 0.667443
