2.50018 9.5001 0.740137
-1.29389 10.6734 1.21816
-1.29389 10.6734 1.21816
-5.28368 10.4233 1.0801
-5.28368 10.4233 1.0801
-7.19582 6.91143 1.18305
-7.19582 6.91143 1.18305
-8.20406 3.05966 1.56683
-8.20406 3.05966 1.56683
-5.11145 0.670486 0.713825
-5.11145 0.670486 0.713825
-2.25157 3.42113 1.21885
-2.25157 3.42113 1.21885
-4.55092 0.148064 1.22694
-4.55092 0.148064 1.22694
-6.04491 -3.55793 1.41023
-6.04491 -3.55793 1.41023
-4.09106 -7.04267 1.60784
-4.09106 -7.04267 1.60784
-6.92762 -9.85999 1.73706
-6.92762 -9.85999 1.73706
-3.03383 -10.7287 2.02658
-3.03383 -10.7287 2.02658
0.796988 -11.6517 1.33894
0.796988 -11.6517 1.33894
4.73247 -12.3606 1.24175
4.73247 -12.3606 1.24175
3.98985 -8.43016 1.26119
3.98985 -8.43016 1.26119
0.0016844 -8.17421 1.09088
0.0016844 -8.17421 1.09088
-3.349 -10.3556 1.21068
-3.349 -10.3556 1.21068
-2.0813 -6.56214 1.25942
-2.0813 -6.56214 1.25942
-6.05763 -6.70095 1.67113
-6.05763 -6.70095 1.67113
-6.78281 -2.77356 1.89414
-6.78281 -2.77356 1.89414
-2.80742 -2.51966 1.53111
-2.80742 -2.51966 1.53111
0.518874 -0.299583 1.61494
0.518874 -0.299583 1.61494
1.58797 3.55396 1.52962
1.58797 3.55396 1.52962
-2.40058 3.32421 1.72622
-2.40058 3.32421 1.72622
-6.37129 2.8597 1.5931
-6.37129 2.8597 1.5931
-7.29876 6.73906 1.89376
