2.50017 9.5001 0.740128
-1.15882 11.0427 1.22189
-1.15882 11.0427 1.22189
-4.02544 8.25358 1.16539
-4.02544 8.25358 1.16539
-7.41736 6.31248 2.01802
-7.41736 6.31248 2.01802
-3.65782 7.5269 1.39272
-3.65782 7.5269 1.39272
-6.50582 4.74646 0.995206
-6.50582 4.74646 0.995206
-4.09233 1.55673 1.02118
-4.09233 1.55673 1.02118
-3.86878 -2.30034 2.05708
-3.86878 -2.30034 2.05708
-7.76931 -3.11235 2.41272
-7.76931 -3.11235 2.41272
-6.82622 -6.99903 2.47861
-6.82622 -6.99903 2.47861
-4.5834 -10.221 1.71151
-4.5834 -10.221 1.71151
-0.765921 -11.233 1.07683
-0.765921 -11.233 1.07683
3.15182 -10.426 1.0856
3.15182 -10.426 1.0856
6.52355 -8.27426 1.12391
6.52355 -8.27426 1.12391
2.62099 -7.40128 1.03456
2.62099 -7.40128 1.03456
-1.37192 -7.61974 1.12909
-1.37192 -7.61974 1.12909
-3.03189 -11.2166 1.68354
-3.03189 -11.2166 1.68354
-0.904913 -7.84862 1.31886
-0.904913 -7.84862 1.31886
-4.83571 -8.25397 1.93897
-4.83571 -8.25397 1.93897
-5.48024 -4.30774 1.83013
-5.48024 -4.30774 1.83013
-5.49804 -0.307783 1.8305
-5.49804 -0.307783 1.8305
-2.60711 2.45443 1.71781
-2.60711 2.45443 1.71781
-0.119522 -0.668213 1.9648
-0.119522 -0.668213 1.9648
3.76013 0.0134524 1.26935
3.76013 0.0134524 1.26935
1.73329 -3.41778 1.61374
1.73329 -3.41778 1.61374
1.46287 0.568008 1.81468
1.46287 0.568008 1.81468
-1.46923 3.28784 1.74223
-1.46923 3.28784 1.74223
-4.2753 0.469875 1.3121
