2.50019 9.50011 0.740134
-1.01312 11.4123 0.751253
-1.01312 11.4123 0.751253
-4.78368 12.716 1.03983
-4.78368 12.716 1.03983
-8.35511 11.3849 2.25357
-8.35511 11.3849 2.25357
-4.44675 10.6576 1.81113
-4.44675 10.6576 1.81113
-6.12832 7.05916 2.28363
-6.12832 7.05916 2.28363
-7.32375 3.24369 2.16895
-7.32375 3.24369 2.16895
-8.47917 -0.500875 1.36695
-8.47917 -0.500875 1.36695
-4.54572 -0.575354 2.08973
-4.54572 -0.575354 2.08973
-6.10021 -4.2135 1.50027
-6.10021 -4.2135 1.50027
-4.18024 -7.65626 2.17934
-4.18024 -7.65626 2.17934
-1.63941 -10.7216 1.79443
-1.63941 -10.7216 1.79443
2.20285 -11.8221 1.6339
2.20285 -11.8221 1.6339
1.46426 -7.89194 1.72456
1.46426 -7.89194 1.72456
-2.16117 -6.2564 1.29878
-2.16117 -6.2564 1.29878
-0.0629137 -9.66097 1.21977
-0.0629137 -9.66097 1.21977
-2.71308 -12.6358 1.5761
-2.71308 -12.6358 1.5761
-3.45103 -8.70497 1.51388
-3.45103 -8.70497 1.51388
-6.47877 -6.13444 1.98845
-6.47877 -6.13444 1.98845
-4.43319 -2.7053 1.75054
-4.43319 -2.7053 1.75054
-6.43558 0.730832 1.32227
-6.43558 0.730832 1.32227
-2.72502 1.64485 2.50391
-2.72502 1.64485 2.50391
1.19084 1.00196 2.0012
1.19084 1.00196 2.0012
-2.06964 -1.30333 2.23558
-2.06964 -1.30333 2.23558
-4.27364 2.02833 2.02958
-4.27364 2.02833 2.02958
-6.01517 5.62861 2.10068
-6.01517 5.62861 2.10068
-3.70014 8.83053 1.47749
-3.70014 8.83053 1.47749
0.287192 9.11398 1.62181
0.287192 9.11398 1.62181
-3.06883 11.1058 0.744365
