2.50018 9.5001 0.740129
2.3321 13.4929 0.568334
2.3321 13.4929 0.568334
-1.45961 12.2424 0.811897
-1.45961 12.2424 0.811897
-0.478597 8.75756 2.5129
-0.478597 8.75756 2.5129
-4.45144 8.31198 2.37872
-4.45144 8.31198 2.37872
-6.93674 5.178 2.41661
-6.93674 5.178 2.41661
-3.36704 3.6244 1.49815
-3.36704 3.6244 1.49815
-4.31087 -0.204724 0.829546
-4.31087 -0.204724 0.829546
-7.3725 -2.33109 2.28041
-7.3725 -2.33109 2.28041
-8.75988 -6.0058 1.52435
-8.75988 -6.0058 1.52435
-5.77273 -3.34953 1.66977
-5.77273 -3.34953 1.66977
-2.57206 -1.01969 1.09744
-2.57206 -1.01969 1.09744
-4.9733 -4.21795 1.16907
-4.9733 -4.21795 1.16907
-6.3633 -7.96434 0.988722
-6.3633 -7.96434 0.988722
-2.61927 -8.83205 2.09749
-2.61927 -8.83205 2.09749
1.35567 -8.38506 2.09299
1.35567 -8.38506 2.09299
-1.56645 -11.1163 2.05075
-1.56645 -11.1163 2.05075
-4.88329 -13.2265 1.31215
-4.88329 -13.2265 1.31215
-3.4892 -9.47778 1.37342
-3.4892 -9.47778 1.37342
-6.4114 -6.82036 0.741874
-6.4114 -6.82036 0.741874
-5.80088 -2.9428 1.51119
-5.80088 -2.9428 1.51119
-1.832 -3.32507 1.83038
-1.832 -3.32507 1.83038
-4.50991 -0.383694 1.40952
-4.50991 -0.383694 1.40952
-5.62151 3.4498 1.67151
-5.62151 3.4498 1.67151
-5.66493 7.4178 1.16838
-5.66493 7.4178 1.16838
-5.96285 3.43736 0.90893
-5.96285 3.43736 0.90893
-2.09612 2.4147 0.95989
-2.09612 2.4147 0.95989
1.90347 2.46177 0.992137
1.90347 2.46177 0.992137
-2.02069 3.12405 1.39508
-2.02069 3.12405 1.39508
-0.352114 -0.506454 1.20716
